6.371093750000000000e+01
1.288164062500000000e+02
6.371093750000000000e+01
1.497070312500000000e+02
6.475781250000000000e+01
1.691054687500000000e+02
6.685156250000000000e+01
1.914882812500000000e+02
7.417968750000000000e+01
2.093945312500000000e+02
8.674218750000000000e+01
2.228242187500000000e+02
1.003515625000000000e+02
2.302851562500000000e+02
1.160546875000000000e+02
2.332695312500000000e+02
1.307109375000000000e+02
2.332695312500000000e+02
1.464140625000000000e+02
2.332695312500000000e+02
1.610703125000000000e+02
2.302851562500000000e+02
1.746796875000000000e+02
2.213320312500000000e+02
1.851484375000000000e+02
2.079023437500000000e+02
1.893359375000000000e+02
1.870117187500000000e+02
1.893359375000000000e+02
1.661210937500000000e+02
1.893359375000000000e+02
1.437382812500000000e+02
1.893359375000000000e+02
1.213554687500000000e+02
7.103906250000000000e+01
1.124023437500000000e+02
7.993750000000000000e+01
1.027031250000000000e+02
9.040625000000000000e+01
1.012109375000000000e+02
1.019218750000000000e+02
1.012109375000000000e+02
1.123906250000000000e+02
1.019570312500000000e+02
1.422265625000000000e+02
1.004648437500000000e+02
1.521718750000000000e+02
9.897265625000000000e+01
1.631640625000000000e+02
9.897265625000000000e+01
1.725859375000000000e+02
1.004648437500000000e+02
1.820078125000000000e+02
1.079257812500000000e+02
1.286171875000000000e+02
1.183710937500000000e+02
1.296640625000000000e+02
1.303085937500000000e+02
1.296640625000000000e+02
1.422460937500000000e+02
1.307109375000000000e+02
1.526914062500000000e+02
1.160546875000000000e+02
1.661210937500000000e+02
1.233828125000000000e+02
1.676132812500000000e+02
1.296640625000000000e+02
1.676132812500000000e+02
1.369921875000000000e+02
1.676132812500000000e+02
1.432734375000000000e+02
1.661210937500000000e+02
8.360156250000000000e+01
1.213554687500000000e+02
8.883593750000000000e+01
1.168789062500000000e+02
1.045390625000000000e+02
1.153867187500000000e+02
1.118671875000000000e+02
1.228476562500000000e+02
1.034921875000000000e+02
1.243398437500000000e+02
8.988281250000000000e+01
1.258320312500000000e+02
1.443203125000000000e+02
1.213554687500000000e+02
1.516484375000000000e+02
1.153867187500000000e+02
1.663046875000000000e+02
1.153867187500000000e+02
1.715390625000000000e+02
1.213554687500000000e+02
1.663046875000000000e+02
1.243398437500000000e+02
1.526953125000000000e+02
1.243398437500000000e+02
1.024453125000000000e+02
1.914882812500000000e+02
1.139609375000000000e+02
1.840273437500000000e+02
1.265234375000000000e+02
1.810429687500000000e+02
1.307109375000000000e+02
1.810429687500000000e+02
1.348984375000000000e+02
1.810429687500000000e+02
1.464140625000000000e+02
1.825351562500000000e+02
1.579296875000000000e+02
1.899960937500000000e+02
1.485078125000000000e+02
1.944726562500000000e+02
1.401328125000000000e+02
1.974570312500000000e+02
1.307109375000000000e+02
1.989492187500000000e+02
1.212890625000000000e+02
1.989492187500000000e+02
1.118671875000000000e+02
1.959648437500000000e+02
1.045390625000000000e+02
1.914882812500000000e+02
1.181484375000000000e+02
1.899960937500000000e+02
1.307109375000000000e+02
1.899960937500000000e+02
1.432734375000000000e+02
1.885039062500000000e+02
1.558359375000000000e+02
1.899960937500000000e+02
1.432734375000000000e+02
1.885039062500000000e+02
1.307109375000000000e+02
1.885039062500000000e+02
1.171015625000000000e+02
1.899960937500000000e+02
